Relatorio das viagens 

Destino                                            Data      Dias  Valor
janauba                                            01/01/2001 12    1.65      
Uberlandia, Minas Gerais, Brasil                   09/07/2021 14    800.00    
                                                              0     0.00      
                                                              0     0.00      
                                                              0     0.00      
                                                              0     0.00      
                                                              0     0.00      
                                                              0     0.00      
                                                              0     0.00      
                                                              0     0.00      
                                                              0     0.00      
                                                              0     0.00      
                                                              0     0.00      
                                                              0     0.00      
                                                              0     0.00      
                                                              0     0.00      
                                                              0     0.00      
                                                              0     0.00      
                                                              0     0.00      
                                                              0     0.00      
                                                              0     0.00      
                                                              0     0.00      
                                                              0     0.00      
                                                              0     0.00      
                                                              0     0.00      
                                                              0     0.00      
                                                              0     0.00      
                                                              0     0.00      
                                                              0     0.00      
                                                              0     0.00      
                                                              0     0.00      
                                                              0     0.00      
                                                              0     0.00      
                                                              0     0.00      
                                                              0     0.00      
                                                              0     0.00      
                                                              0     0.00      
                                                              0     0.00      
                                                              0     0.00      
                                                              0     0.00      
                                                              0     0.00      
                                                              0     0.00      
                                                              0     0.00      
                                                              0     0.00      
                                                              0     0.00      
                                                              0     0.00      
                                                              0     0.00      
                                                              0     0.00      
                                                              0     0.00      
                                                              0     0.00      
                                                              0     0.00      
                                                              0     0.00      

 52 Viagens                      Custo total: 801.65
